v2.0 raw

00000005
00000008
00000007
00000003
00000001
00000000
00000000
00000000
00000001
00000002
00000002
00000005
00000003
00000005
00000013
00000001
00000007
00000007
00000000
00000001
00000002
00000003
00000001
00000006
00000009
00000002
00000006
00000001
00000004
00000003
00000001
00000005
00000008
00000002
00000005
00000006
00000027
00000005
00000013
00000001
00000006
00000003
00000001
00000007
00000009
00000002
00000007
00000001
00000004
00000003
00000001
00000003
00000008
00000002
00000003
00000006
0000000f
00000005
00000027